[ 3.3778032   8.91882373  0.49082437  0.15453147 19.74500889  0.61904284
  0.59922159  2.87036511  0.29706649  9.83596419  1.00449184  0.70105294
  0.748245  ]; 0.023945627243055337 --------- 186.5
[ 1.78384085 14.03268434  0.68272695  0.17605272 18.89222504  0.88157144
  0.2512035   1.58447773  0.65653686 15.10200517 11.08378586  0.28663508
  0.58467763]; 0.021711670006097104 --------- 183.5
[ 1.78384085 14.03268434  0.68272695  0.17605272 18.89222504  0.88157144
  0.2512035   1.58447773  0.65653686 15.10200517 11.08378586  0.28663508
  0.58467763]; 0.02249051503009369 --------- 183.5
[ 5.02050352 12.00178448  0.43401312  0.12549655 19.25866677  0.78440188
  0.7842104   4.11081104  0.55479459 18.97877319 12.39261871  0.12720711
  0.62870842]; 0.02144121906415078 --------- 167.0
